6816
7471
6481
8165
6783
6905
8038
6615
6850
8222
8149
7208
7660
6973
7678
7604
7202
6958
7243
8641
6551
8266
7528
7212
6728
7461
7199
7155
7519
7527
7063
7514
8399
7152
7055
6712
7007
7077
7774
7235
7086
6939
8235
7684
8681
6569
9021
8538
7211
7423
6810
7750
6982
7243
6514
6655
9454
7326
7276
6598
6929
7195
7100
8129
7016
7435
8847
6659
6899
7457
6798
7041
7897
7981
6696
6904
7151
6863
7348
7559
7966
7706
7460
7566
6996
6951
7252
6861
6484
7838
7982
7725
6491
7484
7888
8181
6515
7496
6897
7621
8667
6827
7115
6634
6900
6845
8266
6867
6304
6825
8051
7739
7687
6418
6588
8048
6992
7280
7495
7753
7438
6955
7903
7222
7113
7668
7726
7499
7296
7060
8404
7971
8305
7219
7494
6549
7977
6849
7612
7139
8425
6843
7701
6660
7180
7517
9494
7561
6976
7332
7503
7768
7514
7276
6928
8161
6879
7513
7319
7523
8615
7376
7070
8255
7239
7700
7697
7202
7023
7180
7608
7402
7696
6948
6759
7458
6840
8669
7359
7364
7228
7154
7425
7070
7305
9123
7057
8182
7207
6565
6718
6751
6940
6888
6964
7025
7518
6722
6865
7211
8748
6759
7022
6646
8297
7461
7704
6739
7924
7887
8228
7684
7217
6624
7482
7573
7271
6612
9381
7199
6590
7269
7290
7599
7587
8232
8178
6723
7778
8061
7155
7767
7633
6830
7237
7089
8420
8613
7098
7470
7214
7262
8777
7723
8469
9503
7846
8890
6928
7110
7212
6897
6569
7695
6874
7105
7284
7187
6541
7625
7409
7051
7108
7061
7330
8144
8639
8635
8306
7630
6594
8353
7028
8051
6642
7056
8161
7737
7736
6550
7650
8226
7784
7344
6869
6819
7527
6984
6477
6241
7586
6999
7723
8073
6996
7444
7065
7637
6922
7550
6697
7688
7723
7523
6557
7429
8182
6821
6954
7893
6960
6906
6827
6912
8854
7710
7454
6608
7599
7121
7298
6949
7094
6636
6830
7408
7587
7181
6507
6982
7718
8964
7177
6545
7055
7375
7972
7229
7215
6612
6429
6908
7455
6413
8483
8258
7466
6750
7334
7555
7116
7222
7124
7767
7154
8004
6980
7134
6267
7508
8244
7215
6671
7141
7909
7227
7033
6991
7093
6539
7442
7920
6905
6222
6913
8567
7183
10280
6585
7704
6762
7207
6764
7585
6809
8017
6730
8186
7231
6800
7209
6729
8244
6820
7602
8198
7020
7184
6679
6834
7226
7187
6754
8926
7632
7405
6591
6601
8695
7417
6709
7225
7716
6972
7161
6742
8039
6415
6751
7307
7339
7919
6891
7652
7511
7381
7415
7046
6864
7947
7646
7781
7042
7917
7094
7135
8495
6810
6554
7605
6371
6976
6600
7660
7973
8297
6477
6881
7453
7219
7046
6665
6845
7869
8876
7423
6901
6373
6956
7359
7715
7170
7106
7785
6773
7262
7605
7925
6661
6823
8257
7360
6979
8737
7831
7034
6785
8447
7035
7932
6731
7731
7630
6858
6820
7308
7407
7111
7799
7556
7105
6873
7409
6910
7490
7230
6876
7444
8091
7237
8518
8320
7109
6531
7838
7370
7307
6719
7565
7040
7357
7806
8233
7116
7243
7027
7588
8016
7047
7415
7033
7229
7705
8514
6547
8289
7748
7128
8382
7613
7636
6396
6991
8875
7057
7229
7077
7173
7593
8192
7224
7029
6978
7179
7479
8666
6712
7941
6895
7112
7377
6630
7427
7994
8039
7182
6903
9383
6799
6496
7699
7263
7395
7998
8016
7043
7394
7953
7130
7507
7439
7413
8348
7017
6416
6859
6512
7459
7782
7591
8468
7675
6667
6357
8749
6806
7033
6437
6920
6796
8374
9142
6497
7999
6977
7570
7009
6677
7311
8381
8446
7551
6864
8021
7195
7509
7826
6948
7715
8445
7605
7120
6664
7955
6740
9340
8670
7694
7035
7719
6710
8830
7883
7359
6363
7054
6940
9269
6537
7412
6903
6552
6882
7207
7342
7539
7846
6382
8240
6882
8451
7390
7253
7508
7305
6729
7793
6888
7427
7304
7127
7534
7586
7044
6885
6645
7897
7419
6655
7048
7737
7483
6915
6503
7965
7115
7963
8248
7061
6891
6816
7135
6788
6970
7866
6818
7412
8484
7094
8285
7034
6665
6933
6746
7428
7356
7727
9042
7452
6832
6562
7493
7265
6988
7170
7591
6865
8045
7046
7843
6959
7551
6895
6946
7224
8433
6890
6756
7552
6824
7742
7891
7218
8650
8974
6594
8622
7304
8217
8305
8315
6981
7138
8392
6942
7593
6766
7286
7247
7411
6706
7114
6844
6789
7827
7162
6757
7381
7120
7235
6833
7129
6771
6991
7872
8748
7116
6978
7108
7641
8499
7224
7282
7081
7054
8511
6786
7143
7734
6776
6470
7582
7045
7228
7225
6960
6885
8369
7044
6731
6840
6986
6920
6967
8144
7011
6798
7718
6430
8107
7601
8108
7532
6951
7529
7575
7595
7166
6441
6958
7590
8487
7154
9467
7635
8668
6567
6789
7617
7201
6394
7034
8895
7091
7073
6653
6619
6538
7408
8078
8403
6817
7952
7475
7325
7233
7912
8102
7550
7214
6854
6717
6624
6915
9142
7945
6815
7660
7291
6901
6950
6876
7146
7908
7071
7436
6921
7618
7711
7476
7088
8019
6730
7208
8375
7664
6748
6369
8197
6843
7940
8092
6688
7324
7790
6974
8180
7125
6807
7572
7005
7252
7363
6672
6786
6829
9720
7531
7432
7157
6654
6853
7510
7869
6848
7023
6827
7598
6971
6924
8483
6888
6672
7564
8181
6311
7021
6955
6626
7577
7610
7472
6916
7141
6929
6741
7282
7422
7456
8074
7065
7797
6830
7303
6977
10433
8304
7058
7208
7038
6297
6946
7679
7336
7168
6910
7694
6757
8192
7906
6914
6858
7126
7081
6904
7182
7593
6523
6957
7033
8091
7678
7927
7858
7700
7477
6926
8035
7469
7322
7481
7055
7265
6931
6688
6675
8317
6934
7307
7461
7029
7521
7369
8494
6905
7591
7108
7403
7353
6785
6686
8419
7245
7249
7425
6773
7341
7491
6823
7341
6980
8605
8381
7227
7152
7670
7186
7505
7634
6903
8260
9398
7592
6851
7119
7025
7907
7118
6395
6680
7303
7685
8237
8090
6969
7854
6766
6961
8044
6605
8086
6561
6994
7949
6846
7539
7130
6940
7325
7727
9037
8120
7470
7473
7100
7238
8169
7160
6840
7233
7138
7632
7384
6631
7799
7121
7252
6664
8208
7010
6955
7183
7608
6996
7019
7385
6772
8391
6873
7076
6991
6774
7406
6722
7732
7845
6767
7446
8176
6409
7562
7457
7349
8121
6804
7404
7334
6779
7575
7016
7574
6819
7567
8233
7211
7847
7671
7948
8833
8379
6545
7994
6584
8172
7735
7646
6989
8385
6919
8067
7826
8158
7773
7411
8463
7327
7273
7340
7594
7473
6817
7002
6705
8702
7659
8135
7227
7184
8047
6797
7375
7260
7099
6821
7487
7428
6557
7224
7413
8006
7550
7797
7288
7014
6702
7670
7691
7031
7775
7333
8539
6884
6715
7051
7360
7239
7484
7613
6729
6572
7436
7841
7013
7655
6490
7176
6964
6852
6908
6917
7768
7537
6711
6575
7363
6956
7646
6967
7114
7004
6278
6796
6709
7361
7118
6860
7885
8087
8461
6817
7584
8313
7080
7474
6405
8203
8279
6841
7017
7868
6671
7318
6501
7953
7872
7180
6899
6774
7713
7160
6678
7653
7495
7081
7260
6826
6603
7103
7883
7975
6767
7328
7652
6848
7134
7555
7180
7627
7470
7553
8000
7428
7241
7321
7671
7333
8524
7266
6753
7493
7096
6782
8717
7379
7231
6543
7655
7686
8607
7648
7647
8068
6839
6725
7254
9029
7675
7686
7201
7784
8751
9212
7679
8871
6672
7507
6866
6955
7369
6782
7371
7117
6857
7550
7812
7536
6793
7165
7754
7047
6805
7113
7967
7596
8187
6680
7341
8748
7740
7139
7291
7755
7544
7729
6716
6945
6959
8092
7751
6999
7047
6427
6780
8644
7834
7036
9018
7096
7145
6550
6689
7029
7321
6238
7258
6969
7336
7572
8743
7824
7521
6422
7333
7192
6779
6921
7022
6836
7833
7738
6922
9039
7788
6806
7038
7280
6761
7797
7350
7470
6397
8393
6605
7056
7924
7521
6815
7086
7525
8634
7260
7362
7314
7138
6814
8193
7459
7223
7028
7714
8037
7714
6994
7106
7320
8014
8505
7197
7413
6938
7160
8356
7437
6716
7161
6894
7559
7361
7269
7743
7443
8925
8410
7055
7655
7760
6914
6563
8124
6947
7335
7815
7531
6465
8775
7048
6638
7624
7245
7007
7404
7161
7601
6553
7606
7456
6636
8305
7223
7574
8474
6788
7425
6558
7875
7210
7997
7347
7164
6500
7508
7475
6368
6903
6698
7321
7428
8354
7497
7337
6954
6994
6644
6486
7306
7770
7638
6329
6323
6754
8289
7588
6923
6958
7269
7060
6915
7132
6553
6684
7202
6801
7336
7147
6663
6895
7260
7533
6437
8034
6553
6511
7171
7267
7166
6724
6610
6721
6824
6906
7101
6708
8056
7568
7086
6835
7333
7566
7098
7816
7121
6331
7051
6812
7255
9156
7230
7972
7185
7838
7128
7978
7728
7602
7231
7026
6561
7114
7151
7107
8184
7051
7290
9002
7170
9276
7997
8632
7675
7330
6894
7652
7207
7076
7112
7498
6956
6881
6971
8120
6779
6398
6796
6881
6378
8722
6768
7387
7789
8256
6688
7055
6916
7500
7191
7485
7632
8044
6876
7101
6723
7271
7056
7071
9143
7201
6655
8228
7047
8675
7025
8273
7114
7130
7219
7480
8066
8378
7227
7487
7071
7146
6632
6770
6859
7704
7536
7591
7481
7488
6872
8828
6860
7359
6304
7197
6649
6966
7579
7121
7248
6996
7190
7223
6730
8036
8016
7574
7869
6787
7301
7647
7527
7261
6870
7037
6596
8026
7004
6909
7387
7232
6910
6915
8293
7021
6938
7668
7345
7820
8353
6690
8417
7078
7216
8139
8642
7062
6469
6315
8250
7652
7546
7639
7293
6716
7775
7358
8270
7565
8584
8677
6824
6732
8578
7318
7355
8418
7492
7448
7608
7096
6961
6772
7619
7093
7285
7688
7173
7122
6715
7246
6657
6612
7124
7027
7810
6709
8276
8103
7139
7401
8045
7207
6686
7560
7727
7107
7738
7278
7681
7609
7673
8206
6764
7361
7843
6887
6926
7112
7226
6756
7582
7161
6712
6515
6904
7620
6574
7128
6904
6434
7089
8333
6277
6779
6916
7818
7831
7986
6921
8137
7907
7268
7745
7335
7682
7316
7374
7683
7828
6682
7166
7150
7701
6813
8000
6681
6756
6978
8929
6774
6921
7900
6766
7792
7557
6728
6657
7040
7074
6986
7883
8602
6552
6997
8623
6920
7225
7825
8113
8048
6992
6889
7282
7650
7744
7261
7014
7596
6810
6976
7865
7482
7621
6662
6767
7333
6459
7267
6832
6944
8488
7289
8994
6915
7168
6797
7405
7901
7019
7287
7102
7037
7804
6428
8529
6895
8434
6956
7886
7080
8593
8832
7262
6856
7658
7479
6798
6559
7907
7220
7157
8346
7527
6515
6953
6863
7669
6828
7473
6451
7476
7082
6884
7654
6997
6737
6974
7083
8720
7070
8254
6884
9650
6817
7759
6788
7396
6797
7371
6918
7885
7765
8769
7393
8077
8215
8084
8140
7483
8192
6972
6550
6951
7809
6858
6918
6993
7143
6736
7137
7316
6802
6867
7768
9624
6933
7803
6687
6478
7941
6866
7007
7175
7300
6769
7053
6955
6496
6638
6639
6892
7070
6682
6912
6641
7523
7680
6652
6951
7310
6704
7860
6755
6568
7381
9050
8423
6872
6670
7859
7576
7056
7020
7268
7741
8350
7807
7164
6888
8619
7119
6715
6712
8566
7910
7918
7609
8039
8324
6979
7454
8457
6708
7511
7446
7150
7498
6570
8248
6790
7653
7128
7470
6899
6555
6641
8100
6990
7630
8147
7335
7183
7765
7411
7077
7211
6744
8060
7494
7015
6861
6663
7094
8455
7414
7533
6409
6785
7649
6839
7594
6790
7525
7115
7188
6248
6592
6930
6580
7121
7457
6675
7664
7465
6865
8403
8248
6723
6748
7213
7334
8580
6835
6875
8876
6951
7136
8411
7327
6953
6674
7421
6982
7143
6952
7084
8651
7557
8070
8632
7427
6745
6757
8675
7429
9585
7750
7513
8020
7272
6487
6524
7132
6924
8832
7753
7393
6913
7302
6907
7376
6832
6646
7337
6567
7087
8707
7700
7502
6536
7046
7459
8323
7795
7304
6973
7389
6550
8210
8177
7112
7138
8471
7012
6813
7343
7984
7209
8253
7278
7509
8261
6743
7236
7970
7371
7014
6940
7864
6890
7341
7531
7696
7036
6625
7014
7462
7315
7526
6906
8984
6914
7818
7629
6851
6723
7340
7426
7197
7160
8563
6764
7157
7842
7282
7041
6630
7322
7298
7737
8139
6906
6886
6604
7901
7762
6956
7104
7223
6746
6992
7227
7866
8836
7421
7242
7458
7753
7459
7968
6937
7692
7208
7511
7484
7591
6847
7084
7342
7194
7794
7259
8451
7381
6751
7149
7743
7008
7784
8517
7205
7256
7522
7743
9219
7997
7345
7141
6772
7725
6668
7414
8771
7804
8123
7180
6808
7486
7625
7347
8078
7338
7991
7074
6670
8800
7830
6284
7204
7154
7320
6830
7183
6497
7003
8901
7685
6366
8213
7614
7254
6441
7473
8226
7443
7448
6978
6878
6588
6255
8084
7421
6982
8595
6832
9592
7024
6920
7609
7421
7824
6883
7101
7170
7313
6605
7201
7172
8859
7558
6367
7039
6608
7151
7941
6600
7084
8622
6528
7182
7505
8073
7445
7832
6959
7562
8182
7526
7798
6913
7324
7287
7783
7323
7231
8506
7272
7459
8267
7640
6965
7947
8063
7695
7203
7430
7214
7835
7097
8493
7131
7124
6669
6525
7849
7389
7743
7262
6880
7373
7100
7601
7474
6915
7468
7303
7146
7375
7128
7478
7078
7101
7049
6744
7860
7079
8465
7620
9087
7767
7213
7022
6900
8298
7130
7007
7641
6989
7913
7838
6656
6672
8187
6638
7196
7784
7578
7125
6743
6625
7447
7386
7166
6845
7083
7619
7410
7889
7374
6952
7649
7698
7151
7207
7512
6796
7042
7927
7113
6366
6718
7472
7591
6664
7611
7616
6918
8250
7070
7087
7753
7476
6782
7850
7553
6504
7178
6981
7701
6994
7140
6994
7377
7034
6867
6670
6600
7399
7453
7462
7756
6814
7211
8448
6850
7490
6603
6776
7232
7463
6985
7211
7348
8349
8460
6723
7159
7129
7174
7264
8174
7204
6434
7425
7398
6679
6964
7721
7848
7034
6863
6502
6831
8228
7800
9173
7140
7803
7455
6956
6806
7524
7404
6547
7253
7517
6823
7886
7410
7766
7983
7372
8282
7494
7550
8098
8664
7001
7453
6745
6617
6887
7175
7481
7113
7061
8831
6816
7202
8445
6949
7531
7632
6476
7774
7339
8596
6861
7253
6753
9025
6719
6726
6787
7279
6562
7389
7101
7554
7858
7158
7376
7203
6688
8088
7196
6849
7116
7629
7898
7958
7777
6616
6714
6937
7762
6911
7868
7243
7301
7042
7227
7253
7441
7856
6590
7678
6439
7725
7155
6514
6811
7916
7002
7000
7152
7456
8115
8225
7138
7090
6987
7443
6572
8127
7789
6719
7784
7887
7751
7013
7342
6752
7329
6572
7506
7077
8838
7529
7734
8808
7104
7552
7938
6946
7924
6476
7751
6846
8336
6700
7213
6553
8710
6998
6862
7456
7004
7650
7357
6931
7229
7431
7550
6560
6928
7817
7806
7337
7889
7190
7405
8156
7376
6342
7410
7726
7539
7386
7180
7545
7179
7649
8253
6489
7464
6929
7336
6881
7594
9270
7188
8995
6982
8771
7014
7036
6994
7538
7857
6795
7051
8065
7389
7590
7707
7268
7826
6915
6952
6834
7013
7234
6844
8856
6529
7439
6790
7159
7486
6796
9973
6930
6860
7761
8230
7777
8265
6320
6864
7217
7857
8880
6808
7144
7220
7860
6754
6982
6920
6369
7520
7051
7044
7586
7167
7069
7495
8194
8239
7586
7318
7623
7463
6960
7841
6691
7569
8608
7342
6959
8977
8152
6623
7416
7614
7553
6223
7289
6783
8491
8150
7080
7507
7328
6925
7991
6746
7187
7257
8410
6902
8966
7545
7061
7020
7083
8307
8650
7513
6382
6835
8287
7247
7545
6737
6693
8193
8317
7744
7301
7461
7949
7001
7302
7135
7247
7356
6927
7199
7063
7370
7733
7099
7569
6694
6984
7188
8423
7716
7637
6996
7188
8589
8374
7140
7568
8193
7507
6753
7014
6784
7127
6934
6875
7520
7539
7874
7031
9445
7978
6947
7611
7937
7109
7411
7689
7093
7142
6688
8173
6867
8111
7398
9065
7099
7913
6942
7067
6700
7149
8064
7174
7477
8274
7663
8290
7465
7204
7817
7211
8224
8057
7087
6788
7789
7041
6925
7020
7052
8147
6920
7793
8271
7493
7115
7356
7402
7724
7036
7034
7087
7526
6699
7023
7549
7609
7717
6956
6790
7699
6669
7411
7389
7155
6659
6787
6821
7363
6894
6709
6795
7151
7514
7345
7602
8456
6407
8413
6834
6908
6760
8529
8532
7212
6803
9067
6493
7487
6861
6475
8885
7156
7216
6855
7536
7973
7256
6940
7638
6992
6642
7071
6973
8019
6643
7337
6992
7689
6458
7686
6773
7648
7141
7533
7606
6641
7567
8315
7488
7334
7318
7549
6763
6960
7067
7421
6956
7571
6669
7133
7257
7039
7253
7952
7175
8424
7267
6756
7590
7133
7281
8009
7092
6861
8087
7966
8056
7555
7631
7337
6613
6903
7328
7698
6753
7172
7631
6854
7423
8104
7164
6919
7086
7074
7281
7710
6760
7053
6726
8212
7659
7232
6886
7138
7138
7532
6917
6953
8078
7503
7215
6685
6994
7713
7351
7109
7968
7688
6983
7803
6957
7506
7028
7958
7341
6762
6820
8314
6834
7527
7859
7813
6715
7631
7631
8117
6802
7613
7524
8115
7569
7201
6794
7023
7144
7439
8468
7830
6647
6597
7493
6844
6853
7314
7174
7885
7437
7347
6519
6839
7488
7871
7466
6852
7217
7122
8054
7870
6894
8221
7113
7959
6880
6934
6601
6673
7484
6810
8262
7339
8184
7311
8417
7461
7165
8703
7707
7868
6766
8942
6908
6895
6677
6884
7838
7199
7106
8364
7915
7274
7858
8306
6436
7439
7887
6956
6881
7439
6680
6740
7688
8470
6866
8189
7082
7572
6453
7458
7524
7490
7640
8097
7030
6920
8084
7317
7344
8162
7436
6752
7411
7103
8343
7877
6935
7397
8067
7233
7412
7046
7550
7005
7531
6526
8130
7512
7592
7358
7266
8247
6974
8143
7714
8858
7458
6762
9166
7521
7680
6494
7741
7452
9262
7634
7612
8191
6847
7195
7247
7533
7426
8066
6970
8125
6918
6933
7026
7342
6821
7337
7957
8198
7744
7529
6338
7123
7660
6818
7692
6322
7620
7075
7002
8221
7036
7025
7847
9181
6698
6841
7019
7683
6781
7037
6613
7002
6802
7144
7574
7619
6444
7520
7892
7904
7221
7420
7216
7601
6881
8244
7768
7346
7309
7228
7677
7038
7062
7276
7363
6553
8767
7187
7741
7143
7100
7148
7360
6751
6565
7720
7598
7493
7342
6467
6818
9256
7715
6810
7665
8141
8311
6922
6795
7316
7672
9197
9995
7797
7026
7534
7088
6797
7080
6865
7768
7238
8208
6969
7442
8287
8505
8522
7471
7510
7708
7322
8630
6903
7194
7036
8006
7300
6869
6692
7873
7476
7223
8275
7280
7222
7468
7423
7718
7486
6982
7436
6741
6725
7116
6810
6754
7174
9166
7324
7649
6823
6946
7138
6472
7281
6829
7343
7315
7106
8968
7160
7068
6728
6863
6795
8339
6598
7531
6988
6963
7698
6875
8828
6899
6760
6457
6836
7345
7475
7005
6952
6813
6757
6945
7652
7056
7369
7408
7743
7038
7117
8379
6908
6802
7606
8259
7854
7136
8523
7156
6948
7596
7099
8177
7560
7552
7052
7449
7791
6810
7128
7197
7420
8660
7900
6955
8186
7068
7332
7248
7920
8512
7352
7198
7425
8554
7709
7472
7447
6734
7622
6789
8227
7062
7751
7800
6522
8129
7872
6761
6810
6561
7291
7495
6649
6738
6925
7597
6719
7065
8568
7861
7784
7371
7219
6938
7950
7819
7889
8339
7782
6868
7071
8482
8714
7324
6699
6954
8643
8723
6876
9531
6961
7253
7630
9134
7358
6462
6664
7405
6959
7386
7877
6966
7414
7000
7243
7104
6770
8260
6710
7291
8897
8006
9359
8100
6831
7882
8157
6780
6812
7587
6636
7463
6188
7061
6759
6869
6535
7211
8500
7019
8463
7533
7331
7838
7190
7422
7251
8352
7055
6823
7379
7546
6307
8349
6821
7132
6616
8491
7136
8439
6674
7686
7288
6325
6761
6756
7853
7202
7125
7621
6642
6787
7116
7806
7261
6741
6392
7607
7449
7329
6809
7264
6736
6949
7418
7154
7774
6360
9162
6457
7066
7421
7449
6360
7296
6561
6898
6974
6507
7007
6883
6927
7189
7195
6587
7260
7194
8420
7268
7046
6959
8188
7349
7064
8763
7951
7984
6457
7924
6961
7882
7859
7280
6662
9087
8584
7142
7369
7230
8438
7196
6698
6698
8198
7807
7344
7449
8093
7892
7852
6976
7097
7133
7027
6568
7384
6618
7172
7310
7096
7047
8035
8205
7280
9365
7379
8438
6784
7970
6684
7039
7062
7599
6201
7454
7271
7127
7691
6722
6662
6940
7195
7220
7102
7044
6992
7994
7343
7656
7254
6825
8704
6752
6609
7170
7545
8089
7272
7826
7873
6862
7097
7851
7087
6456
6848
7449
7363
7947
7065
7546
6556
6998
6810
7076
7178
8144
6509
8411
8346
7762
8155
6756
7668
7193
7238
7720
6959
7003
7650
7605
7067
7585
6687
7754
6881
7159
7112
7465
7033
8427
7265
7190
6478
7017
6699
6495
7864
8747
7917
7804
7742
7639
7535
6896
7635
7009
6620
6721
6990
6710
6849
6803
6710
7738
7822
6555
6599
6628
8375
7559
7578
7747
7837
7074
6890
7079
7974
6445
7128
7256
7681
6838
7321
7592
7982
6842
8232
7678
6699
6778
7217
6780
7350
7030
7451
8050
7192
7427
7253
8114
7292
7714
6662
6956
7408
6922
7403
7475
7028
6761
7017
9808
6676
7118
7213
6817
7817
7217
7471
7118
7787
6838
7300
8743
7461
8734
7235
7401
8070
8428
6923
6969
6974
7366
7041
7631
7980
8173
7612
7089
7277
7544
7341
6801
7541
6655
8071
7179
7848
7933
6627
7696
6942
6674
7925
7071
7599
7466
7448
6801
7778
7621
6834
6413
6909
6633
6712
6811
6931
7349
6903
7539
6268
7094
7434
7127
7441
7022
6606
6656
7361
7526
7526
7168
7279
7247
7698
7155
7504
8699
8225
7034
8732
7534
7659
7037
7543
7517
7169
6454
7725
7601
8063
6355
6623
6920
7877
7686
7913
6933
6718
7483
7052
6854
6880
6954
8017
7354
7754
7182
7134
7079
6572
8309
7586
6599
7629
7714
6798
6632
7875
7130
7635
7893
7547
7696
7048
7054
8507
8080
6850
6512
6738
7430
6971
7006
6521
8266
6909
7006
7823
7383
6979
7187
7511
8546
6637
7186
7570
8256
6849
7071
7158
7318
6916
6806
7866
7161
7117
7587
6811
7216
7073
7004
6672
7058
6989
7524
7639
6903
6804
7041
6952
7256
6949
8106
6705
6586
7657
7529
7196
6687
7361
7419
8267
7610
7883
8169
6498
7274
7437
7387
6981
8085
6655
7246
6564
7031
6852
8058
6765
7950
7222
7188
7281
8207
6724
7322
7897
7061
7356
7020
8668
8294
7431
8505
6807
7618
6903
7007
7384
8405
7077
6520
6688
7869
6497
6929
6910
7220
7974
7275
6994
7262
7405
6523
8050
6711
6957
7187
7144
8024
7729
6671
6568
7100
6814
7685
6682
6943
8058
7539
6866
8636
7108
8364
7271
7420
7190
7417
7297
6717
8054
8174
7178
7061
7002
8012
7339
6353
6665
6900
7315
7411
6876
7696
7716
7172
7185
7258
7697
7038
7238
7316
7135
6878
7558
6575
7071
6705
6817
6956
7406
7400
6600
6802
8199
6510
6986
7227
6992
6680
6363
8488
6599
7969
7462
6744
7039
6876
6816
6384
7735
7192
8522
6825
7060
6570
7026
7879
6842
8618
7534
6795
8013
6727
6523
7010
7822
7040
8059
7097
7789
8887
7946
7494
7576
7263
6520
7171
8034
7644
7427
8738
7735
7270
6891
6732
6679
6633
7294
7522
7649
6614
7341
7507
7595
7759
6697
7321
6762
7251
6629
7960
6995
6633
6481
6465
8572
6967
7579
8187
6611
7214
7004
7913
6701
7216
7347
6745
7006
7347
6957
7789
6576
7235
6757
7401
7063
6972
7657
6682
7149
7270
8018
7878
6323
7782
7231
7775
7001
7161
7117
8779
7176
8045
7948
7817
7074
8119
7162
7498
7074
6925
7110
7595
7112
7066
7026
8017
7668
7879
7193
6570
6832
8082
7062
6481
6910
8027
7696
7768
7240
7463
6741
6549
6300
8075
6761
7298
6708
6951
7111
6841
6288
6924
7644
7281
7518
6904
6373
6849
6960
7569
8775
6761
7307
7254
7596
8168
7786
9071
6418
6710
7071
8884
6558
8285
7056
7287
8700
7592
7362
6479
7978
8201
6400
6554
7393
6634
7859
7510
6843
7904
7635
7580
7914
6975
7947
7105
8480
6969
8557
7783
6644
6917
6668
6534
7207
7030
6514
7950
6597
7567
6977
8106
8047
6735
8916
7990
8468
6753
8091
7705
7165
7622
7600
6669
7432
6873
8275
8561
7173
7076
7675
7524
7299
7072
7297
7165
6795
7874
8042
6572
7216
9595
8208
7149
8318
6759
6906
6738
7356
7602
7975
8081
8253
7587
7096
7475
7221
7048
7912
7940
6672
8519
7580
8682
8907
6820
7037
8393
7458
7035
7570
7809
7478
7049
6697
7089
7327
9137
6893
7853
7285
7754
7474
8699
6642
8463
7899
7114
7291
6924
7444
7684
6744
7671
7835
9042
6749
7461
7150
7007
6598
8391
8278
7284
7007
7656
7907
6788
7217
8224
7323
7290
6864
6979
7156
8553
7104
6212
6832
6737
7256
9367
6862
6896
6787
6595
6688
6922
7066
6608
7135
7429
6583
8118
6947
6768
7978
7640
7264
7515
7404
8181
6683
9267
6520
6847
6683
7138
6608
7089
6931
6801
8694
8019
6985
6783
7218
7084
8917
7241
7380
7097
7943
7604
6882
6717
6926
7218
7005
8081
7129
6879
7232
8032
7817
7512
6820
7212
6656
6462
7731
7985
7188
7534
7243
6886
7246
7276
7554
8244
8217
8934
6905
6899
7134
6909
6420
7316
7898
7261
7396
6843
8216
7190
8842
8085
7483
8178
7300
7020
6718
7466
6600
8293
6950
6818
7081
7573
8027
7179
7728
8002
7767
6808
9531
7732
6686
7890
6987
7993
6973
6725
7229
7807
7943
6966
7340
6946
6842
7206
7138
6676
7516
7494
7627
7042
8424
7306
6677
7001
6709
7121
7083
7236
7197
6589
8171
7047
7203
7103
6519
7009
7128
6684
7574
7228
6740
9122
7567
7501
6822
7533
8015
6598
8964
7047
7307
7631
6787
7937
7431
8863
7437
6904
6696
7166
6940
7233
7253
6944
7933
8344
8276
8322
7250
6269
7882
7735
7756
7087
6837
7087
7282
7539
6830
7479
7435
7210
7015
7645
7461
7272
6868
6891
6774
7034
6831
7164
7730
6507
6594
7577
6443
7617
7144
7226
7537
7038
7330
7069
6714
6382
7202
7358
7724
6366
6547
6951
7924
7242
7784
6862
6563
8125
6673
7078
7016
6867
7574
6518
7332
7182
7641
6939
7606
7330
7193
8175
6670
6910
7105
6765
8009
6770
8029
7825
7279
7080
7467
9327
7345
6733
7563
7408
7594
6930
7665
6759
7504
6434
7193
6639
6291
7094
7468
7496
7276
6279
7317
7428
7352
7306
7494
7686
7260
7832
6771
6871
7343
7014
7125
7737
6827
6993
7944
8290
7758
6734
7842
6410
6834
7925
7179
7689
6973
7339
7109
7170
7374
8012
6782
7021
8002
6899
6848
7992
6540
7876
7169
7458
7558
7177
6896
6728
7977
7311
8829
8519
7670
7344
7806
8180
7680
7426
6925
7011
7715
6946
7616
7253
7518
7981
7274
7310
7701
7425
7176
6990
7091
7800
8082
8540
6720
6401
7217
6854
6825
7645
7625
7233
6977
7458
6543
6990
7367
6607
6798
7468
7427
6742
7293
8043
9449
6912
6678
7376
6704
7411
7507
6663
7522
6801
7093
6917
6938
7450
8991
7193
7432
7428
7842
7103
7056
7930
7133
7602
7650
8534
6970
7998
6857
9643
6866
7441
7576
7039
7884
6773
7220
7207
6526
8249
7527
6738
7975
6704
7945
6765
7041
7448
7609
8754
7388
7116
8096
7106
6830
6695
6734
7411
6632
7322
8273
6314
7638
6705
7827
7336
7528
7354
7261
6956
7164
6779
6992
7831
7742
7660
7393
6754
7293
6790
7418
7676
9171
7103
7451
7187
7646
6733
7809
6841
6589
7748
6964
7489
8067
7017
6415
6526
6856
7202
6861
7525
6822
7003
7260
6789
6430
7927
6589
8198
7481
7969
8409
6476
7147
7605
7445
7551
7145
8791
7377
7711
8671
6683
7123
8093
6948
7278
8246
7247
7444
7083
6807
7442
7389
7868
6853
7054
7079
7575
7026
6921
7915
7947
7267
8742
7520
6752
7175
7962
6668
7674
6688
7410
7441
6808
8310
6937
6764
6748
6939
7083
7324
7462
7251
6776
6649
7347
7838
7471
6959
6811
7140
7543
6529
7199
6544
9206
8404
7231
6685
7314
7669
7996
7052
7144
6976
7368
6702
6415
7248
7794
6645
6991
7733
6719
8003
7464
6721
8477
7215
8849
8054
7121
7745
8218
9277
6459
8237
7301
6567
7386
7053
7713
6762
6698
7217
8928
7568
7219
6920
7754
7828
7646
7245
6965
8049
7985
8540
6894
7153
7517
7397
7110
7049
7585
6831
8896
7082
7353
7614
6717
7641
6709
7036
6627
8077
7151
7046
8215
6912
6504
7468
6882
7600
6772
6677
7788
7502
7668
7458
6979
6864
7947
6891
7552
7481
7069
6824
7390
7396
7143
7284
8175
7704
8147
7054
6959
6646
6818
7133
7409
7158
6586
8667
8133
7825
7087
7235
7332
7574
7060
7948
6864
6844
7699
7940
7407
6848
7168
7035
7195
6190
6979
8243
7409
7878
7223
7460
7046
7915
6893
6829
8122
7114
8259
7630
7271
7330
7430
6563
6365
6888
6830
8222
7513
7587
6970
7833
6705
6741
7201
7168
7441
7002
7339
7456
6802
7520
7097
7735
6255
7218
7110
7187
7385
6869
6248
7892
7175
7520
7023
8921
7247
7019
7279
7589
8510
7816
6712
7080
7035
6986
7306
6944
8956
7690
7523
8853
7462
7457
8128
7269
8497
8435
7715
6909
7063
6868
6884
7144
7392
6903
6652
6446
7136
7267
9333
7914
7512
7118
7810
7671
7131
7183
7125
7164
7148
7127
7895
7122
8138
8055
8349
7077
6926
6660
7676
6929
7094
7649
7454
7514
6721
6749
7731
6978
7217
6456
6912
7075
7580
7191
7747
7535
6653
7326
7811
9013
7079
6880
7241
7271
7730
7543
7914
7469
7025
6845
7113
6490
7982
8018
6595
6883
6548
6275
7674
6526
7846
7405
7112
7384
7864
7680
7612
7157
7416
7593
7643
7662
7419
7109
6836
7278
6763
7441
7311
7448
7390
7114
7306
7209
7236
7694
8346
8452
8170
8148
7408
6880
6793
6659
7314
7474
8962
7434
6757
7238
6431
7553
6685
7954
6169
6668
6856
7830
6710
6931
7315
8292
7059
7289
7615
7941
7790
7733
6921
6757
7752
6730
7357
7670
7093
7107
7460
6891
8289
7877
7439
6393
8740
8319
7194
7540
7447
7385
7242
7029
7493
6651
7152
6638
6567
7647
7372
6979
6675
6950
7090
7503
7379
7306
6587
8886
9309
7368
7522
6497
7547
6621
9740
6701
6740
7111
6956
7245
6577
7304
6945
7496
7722
6962
6766
6446
6711
7216
6914
8019
7568
7276
7692
7658
7539
8277
7259
6969
7728
8535
7747
7619
8367
7174
6806
8706
8442
7552
7267
8929
6790
8155
7224
6865
8014
7846
7090
7918
8103
6990
8331
7982
6938
7040
7613
7124
7455
6909
6765
6842
7994
6926
8420
7147
8229
8206
7956
7957
8306
7775
7901
6971
7083
8173
7857
8203
8256
7646
7548
7567
7257
7793
8939
7122
7473
7297
6762
6687
7420
6365
6788
8617
6842
6562
7620
7071
6494
7013
6883
7826
7077
6980
8159
6868
6939
8262
6942
7008
7744
7230
7607
7618
7085
7037
7246
8046
7585
7608
7127
8585
7719
6903
7978
7827
7382
8329
7531
7603
6829
6976
7261
6582
7219
8723
7574
7625
6470
7043
7136
6903
7250
7076
7540
6887
6807
7208
7154
6866
7538
7067
6506
7355
7075
6714
7010
8029
7214
6675
6769
7300
7785
6928
7572
7317
7837
7905
8231
7674
7569
7227
8262
7710
7641
6828
6767
7020
7372
6883
8405
8193
7134
7487
8204
7231
7535
7761
9248
6470
7499
7582
7351
6638
6361
7210
7429
8097
7356
7278
6853
7163
6894
7002
7348
7413
6978
7637
6703
7074
6617
7805
6882
6822
6983
6791
7090
6559
7432
6973
7444
8250
9707
8678
7067
7334
7509
7300
7766
7032
8036
7315
7982
7331
7312
7612
6853
7094
7599
8718
7925
6981
7990
7702
7878
7394
7955
6905
6794
7156
8200
8299
7286
7786
7769
8146
8661
7344
7190
9384
7276
7293
8296
7350
7376
7296
6978
7364
7398
7062
7082
7030
7093
7287
8286
9023
8098
8963
7207
6652
8077
6833
7531
8302
7273
7748
7543
7163
7941
6900
7431
7737
7029
8043
7357
9410
7323
7936
7253
8342
7289
7075
6759
6568
6785
7259
7652
7395
7394
9116
8053
6795
7825
6650
7182
7081
7271
6489
7139
7429
7206
6818
6488
7623
7119
6744
7825
8532
6959
7269
6466
7216
7285
8270
7663
6989
7868
6641
7763
7407
7842
7259
7639
7131
7097
8254
7326
7218
7857
6856
6526
7393
7193
7239
7182
6962
6870
6973
6697
7045
7453
7314
7438
6626
8375
6700
8814
7871
7562
7506
7305
7104
7077
6525
7060
6532
8181
7027
7271
7924
7575
8344
7655
7298
7291
7487
7776
7232
8092
6873
6900
7920
6945
7786
7917
7055
6782
6571
9456
6781
6784
7198
6421
7037
7009
7666
8258
8486
6970
8305
6758
6855
6871
6747
7005
6836
6793
6547
7050
7063
6668
7279
6552
8091
6662
8552
7610
7983
8961
7479
7813
8569
7852
6913
6981
7398
8453
8519
6470
7747
6995
7844
7533
7527
7591
8172
6928
6718
6280
7870
8505
7374
7681
7408
7352
7624
7133
6949
7666
9089
6434
6616
8323
6668
7604
6933
6807
6970
7136
6795
7708
9417
7478
8352
6817
7102
6977
7222
7381
7435
6608
7437
6982
7589
8875
8731
7292
6882
7320
7588
7422
7953
6933
7572
6824
7030
6758
7232
7207
7966
6547
6818
6899
6906
6987
6561
7797
8323
7456
6507
6874
7784
6794
7136
7999
6616
8075
7004
7547
8019
6769
7975
7043
7363
6769
7158
7254
7041
7183
8083
7355
7228
7283
6325
7946
8039
8098
8036
8156
6595
7986
7371
6461
6760
6976
6882
6723
6778
8339
7676
9073
6496
6686
7917
7136
7801
8228
7423
7955
6950
7270
7330
7227
7314
7809
7441
7237
9478
8031
7422
6536
6790
8109
6675
6651
6809
7610
6995
6612
6778
6751
7064
7561
7364
6833
7578
7559
6830
8535
7821
6899
8081
6842
7321
7311
7050
7551
7390
7318
6666
8209
8533
7448
6687
6620
7911
7378
7892
7301
8725
7711
6972
7174
7775
7755
6700
7521
7546
7872
7181
7014
7141
7588
7027
7704
8251
6805
7640
7623
7643
6608
7362
7277
7190
8412
8051
7333
7010
7601
6914
6913
7190
7395
7348
6955
6953
8761
7580
8212
7911
6607
7193
7137
7659
7214
7442
7575
6785
7110
7746
7225
7908
6768
7497
9119
6585
7875
8045
6969
7533
8340
7446
9040
7017
6516
8224
7187
6319
7884
6865
7655
8548
7419
7543
6836
7142
7071
7930
7940
6971
6943
6717
7460
7100
7238
7157
6671
6970
6929
8098
7071
7292
7265
7008
7689
6663
6857
7786
7635
7419
7535
7377
7045
7227
8628
7759
6791
7636
6844
7302
6914
6961
7060
6933
7025
6835
6999
6874
7035
6702
7104
7171
7257
7671
7043
7662
7355
7527
6474
7834
7595
8038
7616
7778
7439
7700
7328
7509
8614
7168
7729
7340
7190
7708
6604
7561
6935
8431
7002
7456
7614
7277
8621
7467
7263
7096
7147
8741
7171
6396
7478
7537
7338
6855
7804
7798
7395
6844
9193
9028
7244
7094
7435
8587
8077
8396
7854
7239
7145
8258
7837
8060
6869
7505
7687
7345
6966
9167
8418
7019
6678
6642
7667
7185
8231
6719
6912
6652
7442
8001
7424
7122
8529
7612
7304
7540
6734
6736
7964
6758
7962
7097
6596
8235
6836
7778
8166
6913
7939
8409
8354
8463
7968
7101
7388
6839
8247
7631
7959
6491
6871
7567
7371
7131
7198
7054
7159
7937
8351
7004
6771
6457
6892
7433
6951
8136
7265
6702
10241
7013
8350
6898
7000
7018
7723
6874
7048
6957
6866
8087
6864
7064
7777
7555
8742
7079
8121
7498
7242
6818
7151
7853
7916
6635
8155
7853
6978
6820
6945
7280
8202
7549
6554
7353
7536
7892
8103
7386
7407
7264
8448
9041
7165
6903
7113
6526
7538
7474
7346
6392
7108
7439
7280
6685
7979
7169
7983
7510
6520
7021
7539
6772
7585
6941
7023
8118
6883
7080
8417
7236
7699
7842
7714
7195
7202
7578
6616
6935
7343
7443
7790
8117
7136
6805
8861
7277
10700
7165
7452
6350
7527
8185
7870
7719
6403
7741
6740
7764
7752
7257
7057
6721
7424
6396
6867
7055
8700
6337
8134
7170
7113
7826
7021
6954
7520
6877
6869
8178
7004
6733
7280
7883
7056
6980
7061
6823
7555
7676
7061
7534
6677
6871
7275
6780
7429
7538
7835
6802
8255
9578
7908
6913
6922
6737
7021
7462
7839
8329
7867
7293
8125
7486
7569
7141
7952
7426
7512
8902
7486
7224
8841
7510
7705
9056
7070
7757
6477
7183
7820
7214
7124
7007
7218
7094
7431
7337
7783
6811
6732
7552
7871
8459
8394
7247
7416
8201
8086
6955
7075
9123
8017
7310
6397
7467
6818
8318
7720
6969
7200
9203
7653
7292
7618
7255
7872
7168
7150
7420
7490
7000
6975
7370
7443
7648
6729
7878
7127
7464
8009
7925
6433
7432
7476
6893
6558
7436
7746
7133
9524
7392
6968
7544
6770
7849
6769
7298
7346
8327
8163
7665
7309
8902
7621
7461
6504
7048
8088
7324
8721
7085
6915
6939
7822
7477
7003
7191
7274
6449
7059
8114
7488
7419
6672
6936
8948
6775
7362
7318
8004
7805
6501
7699
7266
6977
6676
7180
7048
7427
7860
6956
7060
8002
6734
6764
8717
7827
6867
7157
6719
6761
7378
7590
6758
6416
7078
7405
7554
7325
7269
7141
7963
7141
9220
6814
8827
7452
9157
6899
6627
7287
7636
6895
7670
8014
6594
6482
7700
6938
7624
6869
6937
7374
7162
7167
7479
6990
7489
7631
7757
7113
6555
8044
7108
7795
7315
7328
7159
7460
7597
6843
6857
7760
7648
7377
7847
7271
7352
7602
7231
8022
7936
7673
8577
7358
6872
6823
7159
7461
7999
6990
7073
8464
6482
7792
7447
8026
7287
7104
8477
6750
7777
7597
7410
7713
8302
6387
7363
6926
7879
6875
7492
7865
6849
6484
8017
7448
8812
8147
7589
7118
7536
7784
8016
7227
7588
8327
7190
7644
6998
7284
7423
7333
6939
6346
7560
7627
7138
7903
7574
8020
7655
7075
6852
7778
7760
6755
8651
7801
6546
7193
7604
7113
8134
6664
7322
6478
7397
6654
7065
6978
6613
7424
7016
6782
7098
8074
7664
6943
7505
6678
7290
6533
7470
7168
6620
7111
7181
7389
7766
8140
7229
7593
6674
7573
7837
7321
6959
7382
7301
7594
7008
7434
6741
8067
6700
6864
6478
6770
7814
8092
7693
8296
6964
7359
7325
8034
7190
7212
6895
6749
6702
6937
6815
7005
6675
6478
8306
7159
6567
6889
7401
6911
7966
6999
6684
8699
6421
7056
7426
6999
8728
7145
7292
6331
9219
6869
7704
7784
7836
6838
7162
7434
8285
8142
7247
7107
7109
7710
7149
8057
6593
7026
7504
6764
8267
7730
7564
7139
7233
7354
7454
7427
6893
7730
7070
6717
7446
6933
6872
8524
7737
7023
7728
6965
8149
7761
9196
7450
8214
6644
8278
8062
7654
8810
7424
6920
7258
6956
7456
7038
7327
6933
7953
8640
7303
7195
6923
7076
7251
7124
7573
6898
6758
8307
7548
6674
6796
7951
8018
9742
8178
6439
7093
7287
8807
7079
7738
7622
7622
7711
7844
7276
6930
6865
6857
6606
7006
7084
8640
6739
6892
6971
7885
7509
7095
7758
7138
6700
7280
8620
7952
6892
7572
7372
7707
8497
6886
6891
7147
6941
6852
6614
7274
7424
6413
6862
8066
6819
7366
7357
8297
9842
6101
7927
7667
7109
8084
6956
7922
7780
7475
7325
7368
8339
7110
8161
7252
7420
6833
6563
6647
8081
7173
7168
6914
7211
7492
7335
7736
7555
8098
6972
8217
7911
8336
6644
6696
8493
7738
7454
7003
6862
7168
7473
8345
6928
6790
6579
7846
6995
7112
7654
7292
7367
6932
8363
7305
7247
8689
7639
6739
7776
7191
7391
8679
9392
8076
7022
8060
7727
7503
6884
7563
7310
7580
7071
8672
7106
7932
8512
8325
6804
7102
7188
7181
7076
7552
6998
7367
6808
7004
6845
8593
7291
6711
6680
6979
7288
8886
8315
6897
7350
7017
7318
6819
7298
7177
7069
7591
6664
8397
7308
7441
7093
7181
7499
7292
7554
7285
7723
7826
7081
7257
6676
7430
8408
7527
7714
8197
6976
6176
7307
6816
6469
7177
6822
6579
7055
6645
7513
6867
7761
6889
7043
6843
7667
7029
7230
7226
6844
6695
6842
8391
6409
6884
8266
7158
7803
7012
7274
7166
6841
7285
8501
7654
8134
8156
7314
6277
7239
7971
7372
7090
6961
7610
7511
8702
7106
7610
6893
7228
8302
7138
7053
8406
6757
6545
6824
6994
7382
6470
6804
8105
7108
7805
7620
7042
7015
6357
7238
7909
7992
8045
7668
7505
6967
7410
6668
7340
7812
7005
6513
8008
8367
7290
7253
6768
7702
7168
7358
7380
7423
7235
7709
7706
7421
7539
6769
7853
7454
7490
7070
6724
6911
7255
7807
7211
7344
6431
6590
6881
7950
6689
6830
6924
7373
7067
7756
7914
8831
7577
6953
6731
7466
7396
7373
7433
7258
7828
7874
6593
7813
6576
7394
7005
7000
6781
6758
6796
6529
7263
6596
7065
6359
7097
7431
8251
7131
7919
7583
8187
6585
6803
7195
8118
6897
7263
8017
7752
7929
7258
7387
7139
8763
6856
7631
7945
7184
7294
8488
7238
6998
7800
6614
7232
6824
6424
8192
7380
6835
7616
8378
6775
6535
7871
7047
7223
7649
7660
8516
8059
7100
6394
7583
7491
8220
7413
7987
7445
7413
6970
7031
7961
6643
7672
8134
6939
7366
7018
7312
7415
6580
7925
6806
6967
7029
6676
8447
7340
6950
6856
7418
6527
7635
7809
7634
7061
6718
7736
7781
6726
7403
8517
7137
6686
7632
6972
6917
8170
7007
7230
7936
7927
6656
7818
6653
6937
7345
7707
7566
7044
8376
7390
8354
7686
7107
6646
7578
7640
7963
6716
7329
6483
7151
6960
7627
7450
8149
6645
9610
7337
7676
6952
6710
7599
7786
7374
6300
7827
7386
6994
6739
7081
7824
7254
8007
7385
7497
7071
7329
7663
7930
7167
7527
8038
6366
8156
7504
8662
6794
6930
7675
7467
7314
6715
7752
7394
7279
7588
7270
6791
6760
7240
7428
7065
7727
8061
7559
7356
7676
7284
6936
7860
7818
7795
7497
7220
7396
6723
6915
6605
6664
7192
6640
7114
8407
6914
6765
7857
7278
6683
7540
7109
6578
7385
7475
7850
7019
7604
6794
7263
6709
6857
7117
7818
7749
6495
7540
7304
7071
6657
7858
6603
7607
7154
6569
7189
7060
7806
7426
6778
8068
6455
8250
6635
6889
7556
7269
7026
8140
7512
7040
6588
6701
7681
7571
6768
7882
7157
7172
7249
8410
6982
7398
6829
6645
7679
6618
7734
7552
7722
6573
7053
6885
6893
6827
7454
7659
6700
6887
7392
6751
6756
6996
7160
7177
6989
7291
6682
7666
6829
9643
6654
6823
6867
7541
6966
7485
6857
8241
7433
7869
6363
7622
8449
6989
8082
6794
8224
8096
6807
6472
7677
7527
6797
8517
8024
6316
7430
6680
7171
6173
7546
7821
6664
6955
6995
7101
5987
8398
6376
7131
7115
6699
7096
8135
6897
7774
8491
6280
7779
7663
7010
7284
7717
7444
6676
7448
7284
7145
6657
7548
7723
6462
8930
8175
7169
7794
7514
6944
7621
7389
8126
7521
7316
7757
8409
7335
7511
6871
7816
7380
7336
8456
7623
7403
8373
7687
7470
7154
6834
7409
7066
7088
7188
6570
7613
6767
8033
7478
7159
7251
9639
7004
7158
6114
7153
7356
8637
7480
7495
8048
6603
7443
6616
7077
7097
7734
7098
7760
7027
7174
7710
6792
7048
7645
6537
7167
6893
6732
7329
6587
7526
8275
7305
6925
6506
6895
7277
7294
8660
6974
8479
7817
6699
7396
7479
7077
6938
8099
6638
8681
7676
7010
7811
7623
8096
6504
8305
7290
7062
6932
6516
10010
6335
6713
6745
6873
8193
8027
8076
6946
7020
8487
6952
7511
8165
7050
7001
6750
7653
7258
7805
7147
6802
6965
6257
7458
7379
7066
7348
7729
7389
6830
8501
7402
7371
6714
7095
6539
7327
7645
7558
7128
7862
7172
6652
7689
8349
7904
6875
6634
7076
7924
6893
7095
6741
7226
7757
7087
7404
6486
8191
7317
6803
7022
6713
6961
7765
7161
6394
7990
7044
7073
7669
7797
7151
7551
7277
7043
7685
6523
7563
7427
9378
7648
6944
7247
6390
7119
6705
8678
6988
7793
6832
9032
6912
7345
6940
7570
9126
9292
6489
7890
7718
6840
7281
6908
6676
7100
8350
8234
6827
6966
7445
7321
7015
6993
6865
7517
6691
6923
6425
6935
6767
9518
8055
7772
7210
7511
8170
7438
6743
7300
7511
6588
7130
7871
6730
6561
8543
8678
6595
7119
7471
6853
6570
7571
7278
7414
7477
7903
8355
8284
6959
6990
6743
7559
7199
7412
7435
7065
7180
7483
8025
7157
7021
7850
8417
7025
8703
6579
7465
7019
6452
8994
7423
8376
7249
6776
8072
7567
7177
6635
8159
7575
6858
7166
7231
6950
7018
6718
7584
7293
6632
6950
6811
6723
8062
6980
6786
7256
6794
7552
7068
8109
7072
6848
6811
6389
6642
7937
8061
7501
8235
6665
6906
6854
7437
7004
6462
7272
7570
7168
7757
7702
6584
6986
7060
6922
6845
7260
7491
7107
7289
6904
7120
7789
7187
6630
6935
7130
6560
8247
7257
7421
6628
7395
7592
6710
6429
7520
7114
7587
7804
8131
6902
7386
8823
7106
6716
7442
7003
8973
7437
7180
7142
7401
8171
7128
7541
7523
6878
7393
7353
6424
6515
8217
7629
7704
7283
7991
7247
7014
7063
6570
6591
7447
6680
8360
7355
8171
6824
6444
6801
7233
7158
6604
6637
6875
7060
7571
6993
8703
7114
6769
8183
7338
8120
7443
8094
7011
6997
7485
8276
6627
7463
6968
7968
7102
8281
7197
7868
7991
7140
7423
6669
7747
9027
7306
6632
8172
6745
7678
7222
7427
8964
7849
7453
7892
6911
7247
6949
7701
7820
7585
7764
6411
7608
7327
7700
6852
8251
6841
7102
7727
6676
7018
6614
7290
6543
8352
7276
6863
7862
7973
6985
6786
8729
7325
8044
6515
7742
7261
6592
6844
7731
7339
7044
8811
7244
6763
7326
7358
7110
7373
7554
7556
7594
7941
6957
7264
7159
8420
8320
7469
7223
7404
7270
6831
7817
7862
8254
7236
6411
7150
7783
7777
8379
7087
7038
7488
7146
7127
8340
7620
9814
7049
7265
8670
7853
6716
7159
6752
7820
8471
8757
6866
7892
6737
8016
6909
7459
7308
6891
6658
7608
6819
7257
7628
6646
7257
7578
6413
8065
6823
9254
7317
7225
7340
7062
6745
7247
7657
7698
8472
7754
6940
7055
7543
7281
7118
6825
6448
7700
6489
7762
7010
6919
6864
7768
7346
8998
7266
6884
6678
8170
7971
8449
6969
6791
7676
7101
6924
6948
7616
7281
6610
6766
7508
7289
7921
6729
7119
7124
8075
8267
6936
8490
6627
7092
7187
7095
6762
6922
7044
7935
8007
6220
7274
10330
7257
6558
7141
6882
6611
7059
8103
8083
7541
7560
6933
6983
7166
8322
6701
6526
7655
7986
7976
6666
7456
7456
6916
7226
6760
6768
7208
7950
6709
6996
6629
6888
7775
6949
7700
6639
7519
7384
7555
7920
7540
7926
7336
7575
7070
6900
7146
7275
7226
6434
6564
6952
7034
8678
7799
8529
6874
7917
9296
8278
6785
7373
8081
8835
6729
7479
7062
6657
7681
7474
7244
7157
8176
7364
6894
7740
6937
6856
6613
6652
6709
7594
6917
8838
7845
7907
6934
6719
7513
6748
8254
6991
7021
7456
7191
8951
6681
7144
7218
7188
7202
7007
7334
7085
8399
6416
6643
7808
7024
8369
7897
8692
7422
7549
8233
6711
8060
6665
7034
6832
8001
7371
6712
7139
7607
6602
7479
8208
6990
7844
8727
7091
7222
6598
7645
7125
7780
7222
7110
7266
7524
7653
6635
6987
7774
6864
6654
6687
7050
7021
7037
8300
7355
7603
7302
6557
7636
6737
7903
8120
7032
6740
7255
8159
6642
8957
7121
6845
7628
7344
8197
8492
6932
7044
6429
8008
8239
6999
8041
7502
9100
6874
7389
7604
7405
7129
6674
6799
8245
7482
7042
6977
6641
8682
7865
7119
7922
7522
6703
7167
6774
7109
6656
7091
6528
7971
7278
7513
7344
9240
7664
7060
8302
6490
7989
7746
7355
7031
8118
6823
7217
6515
9453
6885
6665
6695
8791
8374
7410
7077
8597
6971
6468
7957
7359
6576
7109
7075
7135
7284
6993
7333
7109
8396
7078
7428
6787
6412
7828
7782
7422
7446
6614
7417
7623
7179
7580
7417
7570
7444
6744
7393
6840
8276
7616
7898
7075
8051
7389
7537
8463
7699
6675
7007
6718
7714
6545
6751
7807
7376
8457
8856
7205
7192
7113
6403
6134
7089
7079
7203
6637
7660
7049
7229
7994
7841
9482
6975
7346
7644
7192
6416
6716
7735
7101
7383
7385
7920
7177
8720
6962
6746
7217
7641
7670
7263
6926
7474
7145
7692
6872
6953
7926
8346
7257
7912
7590
6855
7655
7502
6528
7070
8076
6722
7604
7629
7910
7580
6885
7605
7888
6997
6570
7002
7518
7611
7998
7146
7311
7431
6773
7209
7009
8226
7093
6898
8101
7792
7580
7238
6883
7317
8081
8002
6841
6847
7222
7066
7245
6412
8071
6965
6977
8136
7005
6949
7566
7231
7047
7482
6883
7322
6655
8144
6703
7316
7410
8004
6622
6838
6421
7600
7605
7682
7811
7344
7452
8274
6665
7206
7304
7402
7091
7558
7288
7083
6594
6703
7520
7436
6741
6945
7956
7557
7047
6694
7690
7054
8269
8423
7888
8118
6767
7061
8015
6696
6281
7532
7616
6699
7419
7567
7244
7551
6822
7369
7572
6858
6897
7606
7217
7499
6659
7238
7213
7847
7170
6713
7591
6907
6667
8071
7738
7493
7461
7984
7460
6736
7743
7209
7891
6874
6782
7418
8184
7365
6836
8679
6566
8129
7387
7626
8271
7337
6834
6918
7142
6720
6980
8616
6663
7894
7031
7131
7328
7858
7265
7586
6933
7624
6911
8677
6927
7534
7244
6464
7460
9551
7319
6613
6811
7704
7040
7451
7801
6848
7365
7100
6494
7270
8530
7452
7072
6735
6616
7566
7970
7254
7552
7361
7117
6762
7549
7092
7924
7798
7015
6970
7226
7094
7509
8166
7402
7222
7277
7576
7021
8802
6563
7392
7312
6829
6602
6983
7056
6818
7800
6533
6690
7413
10561
6701
7109
7651
8101
7510
8856
7963
8048
7700
7435
6856
7949
6909
6910
7659
6826
7231
8126
7436
8252
6878
7919
7388
7374
6839
6905
6801
7059
7466
7409
7607
7390
8113
7997
6874
7540
7237
7603
7255
6883
9214
6694
7088
8496
7378
6429
8186
7881
7134
8385
7537
9595
7570
7415
7600
7406
8103
7080
7061
7481
9437
7606
7277
7184
7798
6961
6761
7912
6608
6931
7125
7878
7441
7599
7241
7173
6929
8104
9478
7470
7433
7061
6979
6649
6453
7001
7395
7967
7299
6860
8049
6740
7450
7324
7339
7300
9849
7056
7478
8257
7162
8501
7630
6668
7412
6674
7065
8181
6867
6929
7010
7153
6623
6992
7381
8419
8874
6916
7080
7716
6532
7689
7928
6376
7261
6899
6725
7528
8498
7100
7570
7616
7648
7421
7443
7501
6771
7500
7375
8286
7810
7366
7002
8102
7527
7591
7320
7117
7760
7982
7311
6994
7322
7105
7220
7308
7823
9791
7428
6864
6855
9303
6863
7872
6669
7653
6781
6445
6767
7972
7381
8120
6911
6605
6887
6892
8138
6582
7141
6833
7271
7179
7178
6539
7065
7303
9180
7842
7739
7134
7457
7201
6481
7219
7102
7336
7492
6746
6597
7253
6916
8329
7001
6675
6996
6739
6871
7246
7007
7448
6791
6860
7013
7002
7169
7115
6368
7752
6626
7465
6661
8116
7409
7229
8172
6773
6983
7572
7267
6841
7507
7056
6875
7575
7748
7577
8180
6857
6997
6769
6854
7474
7393
7133
6732
7481
7293
8564
6766
6781
7381
8701
6798
7057
6463
7316
7879
6827
7025
7427
7517
8467
7268
7030
7415
7595
6942
7650
7023
6791
7086
7387
7377
6921
7632
7233
7293
6700
7493
6885
7962
7240
6986
7579
7767
7913
6788
7623
7712
7120
7039
6286
7266
7657
7029
7783
7292
8462
7384
6476
7334
6894
6691
8308
6680
6505
7040
7410
6991
8064
7119
7891
6799
7331
6474
6852
6822
8125
8777
7570
6841
7307
7327
6865
8727
7885
6789
6770
7073
8252
7952
6858
8301
7237
6811
7333
7864
7650
6567
6945
6937
6668
7611
7063
7544
7364
7590
7769
7441
7539
8129
7130
7681
7414
9342
8078
7740
6770
6691
6615
7412
8018
6412
7270
7444
6784
6720
7221
7416
6740
8142
6416
6788
8042
7719
7220
7061
6260
7821
8375
6922
6932
7545
6859
7044
7524
7800
7059
6681
8071
6800
7272
8496
7912
6582
7329
7851
7621
7365
7049
6889
6941
7150
8654
7647
7344
6946
7256
7161
6985
6828
7771
8790
7245
8169
6578
7457
6520
7981
7293
7120
6646
8489
7809
7913
6677
8140
7560
7316
7192
9023
6937
7475
7244
8800
7163
7645
6955
6703
6658
7719
7418
6122
9185
7310
6584
7125
7662
7124
6624
7548
7213
6537
7837
9492
6299
7606
7056
6970
6451
7142
6991
7072
7455
7408
6595
6826
7612
8304
6976
6727
6198
7906
7834
8111
7484
6934
7233
6917
7769
7363
7924
7295
7375
7628
8011
7888
7643
6618
7050
6499
8830
7639
9754
7005
7510
7395
6932
8358
7188
8111
7981
7009
7340
6874
6742
7134
7566
7389
7269
7313
6960
6888
6859
7145
7413
7302
6816
7794
7116
6992
7078
7219
7696
7109
7978
6613
6753
7544
7579
7540
7382
7294
6569
8688
6832
6321
6959
7317
7007
6812
6867
7479
9873
6795
7211
7079
8620
6734
6292
6668
8897
7193
6887
6503
6922
7092
6965
8239
6750
6636
7078
9294
6828
8032
6405
7077
7064
7620
7700
7649
6701
7573
8536
6829
6598
7374
7719
7089
7493
7716
7035
7294
6903
7199
7131
8526
7398
7170
6814
6577
8039
7557
8583
8132
8337
6638
6957
7836
7619
7407
7623
7951
7044
6358
8212
7387
7181
7777
7381
6662
7142
7543
7330
6964
6773
6732
6928
7349
7089
7468
8114
7165
7459
7017
6921
6570
7261
7954
6697
6727
6884
8703
8284
7597
7116
9293
6613
9389
6925
6903
6851
7509
7272
6769
7111
7504
7050
7081
7055
7092
7013
7194
8085
7092
6811
7412
7484
6899
7881
7202
7423
8492
7104
6742
6896
8423
7702
8408
7139
7904
7960
6663
6863
7359
6514
7253
8470
8413
7085
7765
6898
6753
7915
7985
8150
6917
7064
8258
6919
7370
7245
6779
6913
7018
6567
7204
6823
6973
6725
6624
7037
7650
6782
6647
8079
6933
7583
7102
7234
7243
7836
7229
7666
7659
7417
6581
7104
7477
6820
7280
7373
7017
7284
8263
6382
7573
8033
7110
7297
6826
7394
7255
7677
6664
8142
7245
8540
7329
6821
6965
7647
7741
7094
6998
8726
9149
7305
6792
6844
7086
6891
7387
7054
7034
7550
9378
7129
6501
6558
6781
6956
8422
8061
6453
8119
7304
7010
7942
6947
6527
7071
6704
7464
7074
7987
7947
7864
7194
6799
6795
7307
7989
7564
7390
7062
7060
6818
6938
7428
7094
6847
7810
7011
7324
7561
7937
7662
6700
7942
10294
6711
6891
7463
7205
9552
6582
6867
6584
6835
7537
7561
10138
6724
6986
7260
7474
7596
7055
8767
7126
7866
7612
7367
7384
6484
7131
7039
7055
7085
7221
6928
6947
7174
7347
7105
6925
7655
8921
8485
6908
6951
7336
7002
7298
6951
7549
6949
6680
6415
6865
6790
8596
7588
7698
7291
6625
6916
6500
7512
7087
8860
10311
6482
7419
6934
7057
7141
7108
6672
8015
7633
6768
7629
7516
7087
7117
6503
7243
7231
7083
6998
7403
6778
6577
7242
8089
6807
6963
7105
7456
6607
7052
7680
8273
6978
6742
7015
7062
6586
7293
7426
7655
6461
7371
6961
7138
9028
8625
6904
7157
6903
7025
7456
7907
7509
7381
6676
7062
7132
7490
7384
8475
7405
6801
6992
7008
7175
7521
7210
7240
7292
7009
6801
7159
7282
6997
6832
7036
6638
6961
7606
8810
8386
8003
8618
7320
9330
6780
7066
7144
6522
7318
7425
6988
6526
7154
6963
7482
6803
6966
7113
7376
7109
6919
6727
8442
6995
6952
8367
7084
7441
7886
6344
7687
6776
7146
6861
7064
7022
7503
7498
7501
6453
6554
7218
7329
7382
6625
6712
6362
6478
6838
8012
6634
7384
7308
7395
6983
6787
7340
6274
6849
7114
7626
7151
7116
6407
6848
7488
7427
7476
6723
6684
7568
6759
7400
7443
8605
7469
7343
7050
9034
6449
6803
6988
6965
8630
6942
7164
8060
7215
6793
6201
7517
7005
7679
6681
8107
7853
6492
7322
6998
7212
7610
7081
6963
7562
7017
7698
7246
7012
6790
6982
6740
6950
6510
7460
6907
6975
6912
7258
9380
7218
7703
6780
6912
7658
7508
7504
6863
7157
7137
8664
6347
7816
8219
7062
6909
7681
6910
6801
8099
7471
7642
7723
7224
8120
6913
6525
6973
7585
7391
6873
7910
6486
7041
7134
8148
7635
6968
7225
7664
7109
7699
6988
7588
8191
7544
7529
9538
6789
6623
7113
7352
6545
8027
7608
8112
7870
8483
8014
7541
7396
8858
8158
7594
7003
6809
6914
6811
7472
7106
7396
7351
7968
6740
7149
7066
6693
6566
7162
7696
8277
6650
8682
7321
6837
7133
7244
7128
7762
6646
7077
8134
7048
7355
6803
7361
6506
8826
7413
7684
7017
6332
7123
8306
7203
7256
7952
8096
7178
6749
6950
7644
7488
7473
7124
6506
7283
7506
7035
7306
7795
7382
6770
8037
7917
7068
7541
7933
7451
8006
6959
7266
6731
8091
7432
7331
7612
7127
6896
6835
8541
7614
6786
8007
7038
6808
7436
6260
6800
6816
7004
7545
7013
7516
7851
7267
6832
7999
8062
6935
7003
6927
8308
7260
7622
7494
7513
7062
8253
7028
7146
7089
8531
6699
6757
6514
7118
7308
6668
6918
7684
8249
7607
7034
6906
6868
7404
7423
7115
7742
7306
6430
6720
7851
6325
6678
7521
7186
6587
7049
8135
8163
7570
7710
7194
7387
7773
7092
6740
7696
8816
7031
7855
7080
7994
7307
6792
8284
7151
7006
6991
7275
7674
7022
7098
6751
7851
6943
6690
6897
6757
7806
7428
7877
6575
8560
7247
6835
6986
6600
7587
7610
7605
6933
7557
7624
7133
7266
8230
6999
7055
7596
7640
7361
9319
7744
7389
8028
7089
6789
7862
8149
6671
7179
6983
7449
6706
8316
8069
6953
6544
6816
6846
7112
7279
6983
6538
6977
6882
7258
8200
7559
7885
6683
7034
6944
7881
7215
7451
7448
6705
7548
7489
7610
6730
6613
7237
7975
7031
7458
7655
7353
6973
7133
7207
7751
6519
7405
8386
7427
6778
6807
7292
8856
8037
7795
8087
7074
7012
8064
7094
7714
6469
7496
7296
7073
8161
7792
6614
6782
7577
7470
9117
6906
8295
7573
8446
7366
6725
7186
6857
7133
7541
6815
7844
6844
7535
6878
7654
7054
8565
6870
7283
6483
6765
8302
7388
7306
8038
7334
6913
8477
7405
6642
7550
7099
6916
8158
6712
9924
7338
7083
7084
6825
7547
6777
7454
6989
8556
7649
7738
8392
6873
6700
6453
7778
7111
7694
7603
7631
7221
7400
8369
8205
6714
6967
6934
8432
7578
6572
6896
7523
6633
8701
7279
6812
7471
6908
6725
7331
7252
8286
6657
7773
8349
7016
7842
6982
7261
6949
8578
7374
7177
6834
7585
6526
6902
8225
6965
7307
6729
6328
8123
7327
7729
6689
7272
8169
7078
7233
7558
7347
7622
8603
7302
7464
6767
6762
7395
6739
8764
6970
7147
7112
8436
6902
7164
6935
7312
7676
6550
7906
7652
8972
6862
7788
7439
8165
7118
7251
6365
6967
7093
7456
7249
6953
6991
6860
8077
6640
6455
6843
6447
7303
6870
8100
7041
6879
7496
7083
7969
8143
9845
8191
6883
6808
7200
8480
7232
6887
6496
7021
7724
7144
7503
6699
7133
7298
6139
8318
7079
6942
7467
6823
7063
7699
6954
7707
8040
7884
7527
7663
7419
7543
7897
6622
6798
6805
6995
7402
8367
6680
7470
7070
7094
7615
7504
7654
7474
6639
7161
7135
6400
7139
6809
6767
8451
7337
7140
6825
7282
6587
7644
7914
6571
8844
6992
8159
7237
6554
6820
8418
8032
6855
8392
7038
7743
7362
7968
7106
6856
6574
7108
7272
7556
8083
6850
7279
6869
7376
6807
6844
6781
6876
6517
6571
7159
7335
6924
7948
6560
7576
8127
6362
7215
7135
7058
7337
7170
7333
7248
7262
6800
7628
7597
7268
6974
7146
6692
7191
6655
